0.0 0.9446595311164856 0.06790060997009277 0.002433098687065972 0.3598372459411621 0.41734831068250866
0.0 0.852482259273529 0.5879980723063151 0.1547766791449653 0.6252576192220052 0.31587354871961804
0.0 0.7615606188774109 0.6245653788248698 0.17133814493815105 0.6533785502115885 0.3240350511338976
0.0 0.7614895105361938 0.35759563446044923 0.14622603522406685 0.41422414779663086 0.3826791833948206
0.0 0.6276494860649109 0.6249534606933593 0.04312845865885417 0.7982555389404297 0.3281368679470486
0.0 0.4732234477996826 0.0 0.0006759219699435764 0.07196418444315593 0.2987476772732205
0.0 0.46803832054138184 0.4157121658325195 0.2287551456027561 0.43613195419311523 0.4013387609411169
0.0 0.4368959367275238 0.4364990234375 0.3181076897515191 0.4669990539550781 0.3930374993218316
0.0 0.3992040157318115 0.4367432912190755 0.3183478461371528 0.46540838877360025 0.38990037706163194
0.0 0.3294391334056854 0.4182265281677246 0.23426759507921008 0.4359104156494141 0.39521764119466146
0.0 0.29257485270500183 0.7219797770182291 0.0020867930518256293 0.8187433878580729 0.12182223002115886
0.0 0.29094812273979187 0.5749765396118164 0.22825982835557726 0.5870132446289062 0.2670940257884838
0.0 0.28680816292762756 0.6484196980794271 0.009411862161424424 0.7284754435221354 0.08249470746075666
0.0 0.27662745118141174 0.539407475789388 0.3346171061197917 0.5790826161702474 0.40239842732747394
0.0 0.25146958231925964 0.7237783432006836 0.0045170466105143225 0.8070173899332682 0.1211713155110677
